;;;;;   ;REDE ;;;;;;;;;;;;;;;;;;;;;;;;;;;;;;;;;;;;
;;;;;;DATA DA OPERAÇÃO :;;;30/11/2020;;;;;;;;;;;;;;;;;;;;;;;;;;;;;;;;;
;;;;;;;ABATIMENTO;;;;;;;;;;;DESCONTO COMERCIAL;;;DEVOLUÇÃO;;;;;;;;;;;;;;;;;;;;;
FILIAL;Loja;Código;Nota Fiscal;;;;Desconto;;Acordo;;Diferença Preço;;Diverso;Jrs.Antecipação;;Total;;% Desc Cf Contrato;Diferença;;Pendente no Sap;Fatura;;;;;;;;;;;;;;;;;;;;
;;;Nº;Tip;Sit;Valor;Valor;%;Valor;%;Valor;%;Valor;Valor;%;Valor;%;;%;Valor;;%;;;;;;;;;;;;;;;;;;;;
1002;ATAC148;319662;137917;;N;-16,00;0,00;0,00;0,00;0,00;0,00;0,00;0,00;0,00;0,00;0,00;0,00;;;;;0,00%;;;;;;;;;;;;;;;;;;;;
1002;ATAC148;319662;137972;;N;-79,20;0,00;0,00;0,00;0,00;0,00;0,00;0,00;0,00;0,00;0,00;0,00;;;;;0,00%;;;;;;;;;;;;;;;;;;;;
1002;ATAC148;319662;138025;;N;-49,50;0,00;0,00;0,00;0,00;0,00;0,00;0,00;0,00;0,00;0,00;0,00;;;;;0,00%;;;;;;;;;;;;;;;;;;;;
1002;ATAC216;319662;000528349-2;ZVDV;S;6.312,59;63,13;1,00;0,00;0,00;0,00;0,00;0,00;133,32;2,11;196,45;3,11;;;;;0,00%;;;;;;;;;;;;;;;;;;;;
1002;ATAC216;319662;000529856-2;ZVDV;S;36.611,25;366,11;1,00;0,00;0,00;0,00;0,00;0,00;941,96;2,57;1.308,07;3,57;;;;;0,00%;;;;;;;;;;;;;;;;;;;;
1002;ATAC216;319662;000529862-2;ZVDV;S;36.611,25;366,11;1,00;0,00;0,00;0,00;0,00;0,00;942,37;2,57;1.308,48;3,57;;;;;0,00%;;;;;;;;;;;;;;;;;;;;
1002;ATAC217;319662;50811;;N;-23,35;0,00;0,00;0,00;0,00;0,00;0,00;0,00;0,00;0,00;0,00;0,00;;;;;0,00%;;;;;;;;;;;;;;;;;;;;
1002;ATAC98;319662;000528348-2;ZVDV;S;12.590,89;125,91;1,00;0,00;0,00;0,00;0,00;0,00;265,92;2,11;391,83;3,11;;;;;0,00%;;;;;;;;;;;;;;;;;;;;
1002;ATAC98;319662;000529857-2;ZVDV;S;36.611,25;366,11;1,00;0,00;0,00;0,00;0,00;0,00;772,50;2,11;1.138,61;3,11;;;;;0,00%;;;;;;;;;;;;;;;;;;;;
1002;ATAC98;319662;387342;;N;-34,08;0,00;0,00;0,00;0,00;0,00;0,00;0,00;0,00;0,00;0,00;0,00;;;;;0,00%;;;;;;;;;;;;;;;;;;;;
1002;ATAC98;319662;000529863-2;ZVDV;S;36.611,25;366,11;1,00;0,00;0,00;0,00;0,00;0,00;770,89;2,11;1.137,00;3,11;;;;;0,00%;;;;;;;;;;;;;;;;;;;;
1002;ATAC98;319662;387343;;N;-109,89;0,00;0,00;0,00;0,00;0,00;0,00;0,00;0,00;0,00;0,00;0,00;;;;;0,00%;;;;;;;;;;;;;;;;;;;;
AL01;; ;341002;CC;*;165.036,46;1.653,48;1,00;0,00;0,00;0,00;0,00;0,00;3.826,96;2,32;5.480,44;3,32;;;;;0,00%;;;;;;;;;;;;;;;;;;;;
1003;ATAC114;319662;000529860-2;ZVDV;S;31.770,00;317,70;1,00;0,00;0,00;0,00;0,00;0,00;817,76;2,57;1.135,46;3,57;;;;;0,00%;;;;;;;;;;;;;;;;;;;;
1003;ATAC146;319662;000529859-2;ZVDV;S;10.590,00;105,90;1,00;0,00;0,00;0,00;0,00;0,00;272,59;2,57;378,49;3,57;;;;;0,00%;;;;;;;;;;;;;;;;;;;;
1003;ATAC150;319662;000529768-2;ZVDV;S;1.240,00;12,40;1,00;0,00;0,00;0,00;0,00;0,00;22,92;1,85;35,32;2,85;;;;;0,00%;;;;;;;;;;;;;;;;;;;;
1003;ATAC187;319662;000529864-2;ZVDV;S;34.417,50;344,18;1,00;0,00;0,00;0,00;0,00;0,00;885,91;2,57;1.230,09;3,57;;;;;0,00%;;;;;;;;;;;;;;;;;;;;
1003;ATAC187;319662;000529866-2;ZVDV;S;15.885,00;158,85;1,00;0,00;0,00;0,00;0,00;0,00;372,86;2,35;531,71;3,35;;;;;0,00%;;;;;;;;;;;;;;;;;;;;
1003;ATAC199;319662;000529782-2;ZVDV;S;310,00;3,10;1,00;0,00;0,00;0,00;0,00;0,00;6,55;2,11;9,65;3,11;;;;;0,00%;;;;;;;;;;;;;;;;;;;;
1003;ATAC243;319662;13140;;N;-9,65;0,00;0,00;0,00;0,00;0,00;0,00;0,00;0,00;0,00;0,00;0,00;;;;;0,00%;;;;;;;;;;;;;;;;;;;;
1003;ATAC245;319662;000529755-2;ZVDV;S;496,00;4,96;1,00;0,00;0,00;0,00;0,00;0,00;9,59;1,93;14,55;2,93;;;;;0,00%;;;;;;;;;;;;;;;;;;;;
1003;ATAC245;319662;17695;;N;-41,65;0,00;0,00;0,00;0,00;0,00;0,00;0,00;0,00;0,00;0,00;0,00;;;;;0,00%;;;;;;;;;;;;;;;;;;;;
1003;ATAC264;319662;000529918-2;ZVDV;S;4.461,00;44,61;1,00;0,00;0,00;0,00;0,00;0,00;94,22;2,11;138,83;3,11;;;;;0,00%;;;;;;;;;;;;;;;;;;;;
1003;ATAC47;319662;000529762-2;ZVDV;S;8.400,00;84,00;1,00;0,00;0,00;0,00;0,00;0,00;138,60;1,65;222,60;2,65;;;;;0,00%;;;;;;;;;;;;;;;;;;;;
1003;ATAC47;319662;1485130;;N;-9,52;0,00;0,00;0,00;0,00;0,00;0,00;0,00;0,00;0,00;0,00;0,00;;;;;0,00%;;;;;;;;;;;;;;;;;;;;
1003;ATAC47;319662;1485124;;N;-15,25;0,00;0,00;0,00;0,00;0,00;0,00;0,00;0,00;0,00;0,00;0,00;;;;;0,00%;;;;;;;;;;;;;;;;;;;;
1003;ATAC51;319662;000529756-2;ZVDV;S;620,00;6,20;1,00;0,00;0,00;0,00;0,00;0,00;13,09;2,11;19,29;3,11;;;;;0,00%;;;;;;;;;;;;;;;;;;;;
1003;ATAC51;319662;1215376;;N;-71,98;0,00;0,00;0,00;0,00;0,00;0,00;0,00;0,00;0,00;0,00;0,00;;;;;0,00%;;;;;;;;;;;;;;;;;;;;
1003;ATAC55;319662;000529767-2;ZVDV;S;1.240,00;12,40;1,00;0,00;0,00;0,00;0,00;0,00;26,19;2,11;38,59;3,11;;;;;0,00%;;;;;;;;;;;;;;;;;;;;
1003;ATAC55;319662;1345915;;N;-64,60;0,00;0,00;0,00;0,00;0,00;0,00;0,00;0,00;0,00;0,00;0,00;;;;;0,00%;;;;;;;;;;;;;;;;;;;;
1003;ATAC62;319662;000529757-2;ZVDV;S;620,00;6,20;1,00;0,00;0,00;0,00;0,00;0,00;11,75;1,90;17,95;2,90;;;;;0,00%;;;;;;;;;;;;;;;;;;;;
1003;ATAC62;319662;886415;;N;-62,88;0,00;0,00;0,00;0,00;0,00;0,00;0,00;0,00;0,00;0,00;0,00;;;;;0,00%;;;;;;;;;;;;;;;;;;;;
1003;ATAC74;319662;625738;;N;-16,58;0,00;0,00;0,00;0,00;0,00;0,00;0,00;0,00;0,00;0,00;0,00;;;;;0,00%;;;;;;;;;;;;;;;;;;;;
1003;ATAC74;319662;625899;;N;-1,16;0,00;0,00;0,00;0,00;0,00;0,00;0,00;0,00;0,00;0,00;0,00;;;;;0,00%;;;;;;;;;;;;;;;;;;;;
1003;ATAC74;319662;626136;;N;-842,89;0,00;0,00;0,00;0,00;0,00;0,00;0,00;0,00;0,00;0,00;0,00;;;;;0,00%;;;;;;;;;;;;;;;;;;;;
1003;ATAC74;319662;626157;;N;-1,79;0,00;0,00;0,00;0,00;0,00;0,00;0,00;0,00;0,00;0,00;0,00;;;;;0,00%;;;;;;;;;;;;;;;;;;;;
1003;ATAC87;319662;000529861-2;ZVDV;S;34.417,50;344,18;1,00;0,00;0,00;0,00;0,00;0,00;817,76;2,38;1.161,94;3,38;;;;;0,00%;;;;;;;;;;;;;;;;;;;;
1003;ATAC87;319662;2325044;;N;-2.621,03;0,00;0,00;0,00;0,00;0,00;0,00;0,00;0,00;0,00;0,00;0,00;;;;;0,00%;;;;;;;;;;;;;;;;;;;;
1003;ATAC89;319662;000529781-2;ZVDV;S;620,00;6,20;1,00;0,00;0,00;0,00;0,00;0,00;11,46;1,85;17,66;2,85;;;;;0,00%;;;;;;;;;;;;;;;;;;;;
1003;ATAC89;319662;416648;;N;-7,13;0,00;0,00;0,00;0,00;0,00;0,00;0,00;0,00;0,00;0,00;0,00;;;;;0,00%;;;;;;;;;;;;;;;;;;;;
PE01;; ;342002;CC;*;141.320,89;1.450,88;1,03;0,00;0,00;0,00;0,00;0,00;3.501,25;2,48;4.952,13;3,50;;;;;0,00%;;;;;;;;;;;;;;;;;;;;
1004;ATAC173;319662;86724;;N;-192,74;0,00;0,00;0,00;0,00;0,00;0,00;0,00;0,00;0,00;0,00;0,00;;;;;0,00%;;;;;;;;;;;;;;;;;;;;
1004;ATAC80;319662;000528895-2;ZVDF;S;5.100,00;51,00;1,00;0,00;0,00;0,00;0,00;0,00;84,15;1,65;135,15;2,65;;;;;0,00%;;;;;;;;;;;;;;;;;;;;
1004;ATAC80;319662;000528896-2;ZVDF;S;17.781,50;177,81;1,00;0,00;0,00;0,00;0,00;0,00;457,68;2,57;635,49;3,57;;;;;0,00%;;;;;;;;;;;;;;;;;;;;
CE01;; ;342001;CC;*;22.688,76;228,81;1,01;0,00;0,00;0,00;0,00;0,00;541,83;2,39;770,64;3,40;;;;;0,00%;;;;;;;;;;;;;;;;;;;;
